0.00001 -1 -1
1.00001 -1 -1
2.00001  1 -1
3.00001 -1 -1
4.00001 -1 -1
5.00001  1  1 
6.00001  1  1
7.00001  1  1
8.00001 -1  1
9.00001 -1  1
10.00001 -1 -1
11.00001 -1 -1
12.00001 -1 -1
13.00001 -1 -1
14.00001 -1 -1
15.00001  1  1
16.00001 -1  1
17.00001  1  1
18.00001  1  1  
19.00001  1  1
20.00001 -1 -1
21.00001  1 -1
22.00001 -1 -1
23.00001 -1 -1
24.00001 -1 -1
25.00001  1  1
26.00001  1  1
27.00001  1  1
28.00001  1  1
29.00001  1  1
30.00001 -1 -1
31.00001 -1 -1
32.00001  1 -1
33.00001 -1 -1
34.00001 -1 -1
35.00001  1  1
36.00001  1  1
37.00001  1  1
38.00001  1  1
39.00001  1  1
40.00001 -1 -1
41.00001 -1 -1
42.00001 -1 -1
43.00001  1 -1
44.00001 -1 -1
45.00001  1  1
46.00001  1  1
47.00001 -1  1
48.00001  1  1
49.00001  1  1
50.00001 -1 -1